"Record Length"	1000	"Points"	-7.77500000e-009	-4.00000028e-003
"Sample Interval"	2.50000000e-011	s	-7.75000000e-009	-4.00000028e-003
"Trigger Point"	311	"Samples"	-7.72500000e-009	-4.00000028e-003
"Trigger Time"	2.81860269e-012	s	-7.70000000e-009	-4.00000028e-003
""			-7.67500000e-009	-4.00000028e-003
"Horizontal Offset"	-7.77500000e-009	s	-7.65000000e-009	-4.00000028e-003
			-7.62500000e-009	-4.00000028e-003
			-7.60000000e-009	-4.00000028e-003
			-7.57500000e-009	-4.00000028e-003
			-7.55000000e-009	-4.00000028e-003
			-7.52500000e-009	-4.00000028e-003
			-7.50000000e-009	-4.00000028e-003
			-7.47500000e-009	-4.80000034e-003
			-7.45000000e-009	-4.80000034e-003
			-7.42500000e-009	-4.80000034e-003
			-7.40000000e-009	-4.80000034e-003
			-7.37500000e-009	-4.80000034e-003
			-7.35000000e-009	-4.00000028e-003
			-7.32500000e-009	-4.00000028e-003
			-7.30000000e-009	-3.20000023e-003
			-7.27500000e-009	-3.20000023e-003
			-7.25000000e-009	-4.00000028e-003
			-7.22500000e-009	-4.00000028e-003
			-7.20000000e-009	-4.00000028e-003
			-7.17500000e-009	-4.80000034e-003
			-7.15000000e-009	-4.80000034e-003
			-7.12500000e-009	-4.80000034e-003
			-7.10000000e-009	-4.80000034e-003
			-7.07500000e-009	-4.00000028e-003
			-7.05000000e-009	-4.00000028e-003
			-7.02500000e-009	-4.00000028e-003
			-7.00000000e-009	-4.00000028e-003
			-6.97500000e-009	-4.00000028e-003
			-6.95000000e-009	-4.00000028e-003
			-6.92500000e-009	-4.00000028e-003
			-6.90000000e-009	-4.00000028e-003
			-6.87500000e-009	-4.00000028e-003
			-6.85000000e-009	-3.20000023e-003
			-6.82500000e-009	-3.20000023e-003
			-6.80000000e-009	-2.40000017e-003
			-6.77500000e-009	-2.40000017e-003
			-6.75000000e-009	-2.40000017e-003
			-6.72500000e-009	-2.40000017e-003
			-6.70000000e-009	-3.20000023e-003
			-6.67500000e-009	-3.20000023e-003
			-6.65000000e-009	-4.00000028e-003
			-6.62500000e-009	-4.00000028e-003
			-6.60000000e-009	-4.80000034e-003
			-6.57500000e-009	-4.80000034e-003
			-6.55000000e-009	-4.80000034e-003
			-6.52500000e-009	-4.80000034e-003
			-6.50000000e-009	-4.80000034e-003
			-6.47500000e-009	-4.80000034e-003
			-6.45000000e-009	-4.80000034e-003
			-6.42500000e-009	-4.80000034e-003
			-6.40000000e-009	-4.80000034e-003
			-6.37500000e-009	-4.80000034e-003
			-6.35000000e-009	-4.80000034e-003
			-6.32500000e-009	-4.80000034e-003
			-6.30000000e-009	-4.80000034e-003
			-6.27500000e-009	-4.80000034e-003
			-6.25000000e-009	-4.80000034e-003
			-6.22500000e-009	-4.80000034e-003
			-6.20000000e-009	-4.00000028e-003
			-6.17500000e-009	-4.00000028e-003
			-6.15000000e-009	-4.00000028e-003
			-6.12500000e-009	-4.00000028e-003
			-6.10000000e-009	-3.20000023e-003
			-6.07500000e-009	-3.20000023e-003
			-6.05000000e-009	-4.00000028e-003
			-6.02500000e-009	-4.00000028e-003
			-6.00000000e-009	-4.00000028e-003
			-5.97500000e-009	-4.80000034e-003
			-5.95000000e-009	-4.80000034e-003
			-5.92500000e-009	-4.80000034e-003
			-5.90000000e-009	-5.60000040e-003
			-5.87500000e-009	-5.60000040e-003
			-5.85000000e-009	-5.60000040e-003
			-5.82500000e-009	-4.80000034e-003
			-5.80000000e-009	-4.80000034e-003
			-5.77500000e-009	-4.80000034e-003
			-5.75000000e-009	-4.80000034e-003
			-5.72500000e-009	-4.00000028e-003
			-5.70000000e-009	-4.00000028e-003
			-5.67500000e-009	-3.20000023e-003
			-5.65000000e-009	-3.20000023e-003
			-5.62500000e-009	-3.20000023e-003
			-5.60000000e-009	-2.40000017e-003
			-5.57500000e-009	-2.40000017e-003
			-5.55000000e-009	-2.40000017e-003
			-5.52500000e-009	-3.20000023e-003
			-5.50000000e-009	-3.20000023e-003
			-5.47500000e-009	-4.00000028e-003
			-5.45000000e-009	-4.80000034e-003
			-5.42500000e-009	-4.80000034e-003
			-5.40000000e-009	-4.80000034e-003
			-5.37500000e-009	-4.80000034e-003
			-5.35000000e-009	-4.80000034e-003
			-5.32500000e-009	-4.00000028e-003
			-5.30000000e-009	-4.00000028e-003
			-5.27500000e-009	-3.20000023e-003
			-5.25000000e-009	-3.20000023e-003
			-5.22500000e-009	-3.20000023e-003
			-5.20000000e-009	-3.20000023e-003
			-5.17500000e-009	-4.00000028e-003
			-5.15000000e-009	-4.80000034e-003
			-5.12500000e-009	-4.80000034e-003
			-5.10000000e-009	-5.60000040e-003
			-5.07500000e-009	-5.60000040e-003
			-5.05000000e-009	-5.60000040e-003
			-5.02500000e-009	-4.80000034e-003
			-5.00000000e-009	-4.00000028e-003
			-4.97500000e-009	-4.00000028e-003
			-4.95000000e-009	-3.20000023e-003
			-4.92500000e-009	-2.40000017e-003
			-4.90000000e-009	-2.40000017e-003
			-4.87500000e-009	-2.40000017e-003
			-4.85000000e-009	-3.20000023e-003
			-4.82500000e-009	-3.20000023e-003
			-4.80000000e-009	-4.00000028e-003
			-4.77500000e-009	-4.00000028e-003
			-4.75000000e-009	-4.00000028e-003
			-4.72500000e-009	-4.00000028e-003
			-4.70000000e-009	-3.20000023e-003
			-4.67500000e-009	-3.20000023e-003
			-4.65000000e-009	-3.20000023e-003
			-4.62500000e-009	-3.20000023e-003
			-4.60000000e-009	-3.20000023e-003
			-4.57500000e-009	-3.20000023e-003
			-4.55000000e-009	-4.00000028e-003
			-4.52500000e-009	-4.80000034e-003
			-4.50000000e-009	-4.80000034e-003
			-4.47500000e-009	-4.80000034e-003
			-4.45000000e-009	-4.80000034e-003
			-4.42500000e-009	-4.80000034e-003
			-4.40000000e-009	-4.80000034e-003
			-4.37500000e-009	-4.80000034e-003
			-4.35000000e-009	-4.00000028e-003
			-4.32500000e-009	-4.00000028e-003
			-4.30000000e-009	-4.00000028e-003
			-4.27500000e-009	-4.00000028e-003
			-4.25000000e-009	-4.00000028e-003
			-4.22500000e-009	-4.00000028e-003
			-4.20000000e-009	-4.00000028e-003
			-4.17500000e-009	-4.00000028e-003
			-4.15000000e-009	-4.80000034e-003
			-4.12500000e-009	-4.80000034e-003
			-4.10000000e-009	-4.80000034e-003
			-4.07500000e-009	-4.80000034e-003
			-4.05000000e-009	-4.80000034e-003
			-4.02500000e-009	-4.80000034e-003
			-4.00000000e-009	-4.80000034e-003
			-3.97500000e-009	-4.80000034e-003
			-3.95000000e-009	-4.80000034e-003
			-3.92500000e-009	-4.80000034e-003
			-3.90000000e-009	-5.60000040e-003
			-3.87500000e-009	-5.60000040e-003
			-3.85000000e-009	-6.40000045e-003
			-3.82500000e-009	-6.40000045e-003
			-3.80000000e-009	-6.40000045e-003
			-3.77500000e-009	-5.60000040e-003
			-3.75000000e-009	-5.60000040e-003
			-3.72500000e-009	-4.80000034e-003
			-3.70000000e-009	-4.00000028e-003
			-3.67500000e-009	-3.20000023e-003
			-3.65000000e-009	-2.40000017e-003
			-3.62500000e-009	-2.40000017e-003
			-3.60000000e-009	-2.40000017e-003
			-3.57500000e-009	-3.20000023e-003
			-3.55000000e-009	-4.00000028e-003
			-3.52500000e-009	-4.80000034e-003
			-3.50000000e-009	-5.60000040e-003
			-3.47500000e-009	-5.60000040e-003
			-3.45000000e-009	-5.60000040e-003
			-3.42500000e-009	-5.60000040e-003
			-3.40000000e-009	-4.80000034e-003
			-3.37500000e-009	-4.80000034e-003
			-3.35000000e-009	-4.00000028e-003
			-3.32500000e-009	-4.00000028e-003
			-3.30000000e-009	-3.20000023e-003
			-3.27500000e-009	-3.20000023e-003
			-3.25000000e-009	-3.20000023e-003
			-3.22500000e-009	-3.20000023e-003
			-3.20000000e-009	-3.20000023e-003
			-3.17500000e-009	-3.20000023e-003
			-3.15000000e-009	-3.20000023e-003
			-3.12500000e-009	-3.20000023e-003
			-3.10000000e-009	-3.20000023e-003
			-3.07500000e-009	-3.20000023e-003
			-3.05000000e-009	-3.20000023e-003
			-3.02500000e-009	-4.00000028e-003
			-3.00000000e-009	-4.00000028e-003
			-2.97500000e-009	-4.00000028e-003
			-2.95000000e-009	-4.00000028e-003
			-2.92500000e-009	-4.00000028e-003
			-2.90000000e-009	-4.80000034e-003
			-2.87500000e-009	-4.80000034e-003
			-2.85000000e-009	-4.80000034e-003
			-2.82500000e-009	-4.80000034e-003
			-2.80000000e-009	-4.80000034e-003
			-2.77500000e-009	-4.80000034e-003
			-2.75000000e-009	-4.80000034e-003
			-2.72500000e-009	-4.80000034e-003
			-2.70000000e-009	-4.00000028e-003
			-2.67500000e-009	-4.00000028e-003
			-2.65000000e-009	-4.00000028e-003
			-2.62500000e-009	-4.00000028e-003
			-2.60000000e-009	-4.00000028e-003
			-2.57500000e-009	-4.00000028e-003
			-2.55000000e-009	-4.00000028e-003
			-2.52500000e-009	-4.00000028e-003
			-2.50000000e-009	-4.00000028e-003
			-2.47500000e-009	-4.00000028e-003
			-2.45000000e-009	-4.80000034e-003
			-2.42500000e-009	-4.80000034e-003
			-2.40000000e-009	-5.60000040e-003
			-2.37500000e-009	-6.40000045e-003
			-2.35000000e-009	-6.40000045e-003
			-2.32500000e-009	-7.20000051e-003
			-2.30000000e-009	-7.20000051e-003
			-2.27500000e-009	-6.40000045e-003
			-2.25000000e-009	-6.40000045e-003
			-2.22500000e-009	-5.60000040e-003
			-2.20000000e-009	-4.80000034e-003
			-2.17500000e-009	-4.80000034e-003
			-2.15000000e-009	-4.80000034e-003
			-2.12500000e-009	-4.80000034e-003
			-2.10000000e-009	-4.80000034e-003
			-2.07500000e-009	-5.60000040e-003
			-2.05000000e-009	-5.60000040e-003
			-2.02500000e-009	-5.60000040e-003
			-2.00000000e-009	-5.60000040e-003
			-1.97500000e-009	-4.80000034e-003
			-1.95000000e-009	-4.80000034e-003
			-1.92500000e-009	-4.00000028e-003
			-1.90000000e-009	-4.00000028e-003
			-1.87500000e-009	-3.20000023e-003
			-1.85000000e-009	-4.00000028e-003
			-1.82500000e-009	-4.00000028e-003
			-1.80000000e-009	-4.00000028e-003
			-1.77500000e-009	-4.00000028e-003
			-1.75000000e-009	-4.00000028e-003
			-1.72500000e-009	-4.00000028e-003
			-1.70000000e-009	-3.20000023e-003
			-1.67500000e-009	-3.20000023e-003
			-1.65000000e-009	-2.40000017e-003
			-1.62500000e-009	-2.40000017e-003
			-1.60000000e-009	-2.40000017e-003
			-1.57500000e-009	-3.20000023e-003
			-1.55000000e-009	-4.00000028e-003
			-1.52500000e-009	-4.80000034e-003
			-1.50000000e-009	-5.60000040e-003
			-1.47500000e-009	-5.60000040e-003
			-1.45000000e-009	-5.60000040e-003
			-1.42500000e-009	-5.60000040e-003
			-1.40000000e-009	-5.60000040e-003
			-1.37500000e-009	-4.80000034e-003
			-1.35000000e-009	-4.80000034e-003
			-1.32500000e-009	-4.00000028e-003
			-1.30000000e-009	-4.00000028e-003
			-1.27500000e-009	-4.00000028e-003
			-1.25000000e-009	-4.00000028e-003
			-1.22500000e-009	-4.00000028e-003
			-1.20000000e-009	-4.00000028e-003
			-1.17500000e-009	-4.80000034e-003
			-1.15000000e-009	-4.80000034e-003
			-1.12500000e-009	-4.80000034e-003
			-1.10000000e-009	-4.80000034e-003
			-1.07500000e-009	-4.80000034e-003
			-1.05000000e-009	-4.80000034e-003
			-1.02500000e-009	-4.00000028e-003
			-1.00000000e-009	-4.00000028e-003
			-9.75000000e-010	-3.20000023e-003
			-9.50000000e-010	-3.20000023e-003
			-9.25000000e-010	-3.20000023e-003
			-9.00000000e-010	-3.20000023e-003
			-8.75000000e-010	-3.20000023e-003
			-8.50000000e-010	-3.20000023e-003
			-8.25000000e-010	-3.20000023e-003
			-8.00000000e-010	-4.00000028e-003
			-7.75000000e-010	-4.00000028e-003
			-7.50000000e-010	-4.00000028e-003
			-7.25000000e-010	-4.00000028e-003
			-7.00000000e-010	-4.00000028e-003
			-6.75000000e-010	-4.00000028e-003
			-6.50000000e-010	-4.00000028e-003
			-6.25000000e-010	-4.80000034e-003
			-6.00000000e-010	-4.80000034e-003
			-5.75000000e-010	-4.80000034e-003
			-5.50000000e-010	-4.80000034e-003
			-5.25000000e-010	-5.60000040e-003
			-5.00000000e-010	-5.60000040e-003
			-4.75000000e-010	-6.40000045e-003
			-4.50000000e-010	-6.40000045e-003
			-4.25000000e-010	-6.40000045e-003
			-4.00000000e-010	-6.40000045e-003
			-3.75000000e-010	-5.60000040e-003
			-3.50000000e-010	-4.00000028e-003
			-3.25000000e-010	-3.20000023e-003
			-3.00000000e-010	-2.40000017e-003
			-2.75000000e-010	-1.60000011e-003
			-2.50000000e-010	-1.60000011e-003
			-2.25000000e-010	-3.20000023e-003
			-2.00000000e-010	-4.80000034e-003
			-1.75000000e-010	-6.40000045e-003
			-1.50000000e-010	-8.00000057e-003
			-1.25000000e-010	-8.00000057e-003
			-1.00000000e-010	-6.40000045e-003
			-7.50000000e-011	-1.60000011e-003
			-5.00000000e-011	5.60000040e-003
			-2.50000000e-011	1.52000011e-002
			0.00000000e+000	2.64000019e-002
			2.50000000e-011	3.76000027e-002
			5.00000000e-011	4.88000035e-002
			7.50000000e-011	5.76000041e-002
			1.00000000e-010	6.32000045e-002
			1.25000000e-010	6.72000048e-002
			1.50000000e-010	6.80000048e-002
			1.75000000e-010	6.64000047e-002
			2.00000000e-010	6.40000045e-002
			2.25000000e-010	6.08000043e-002
			2.50000000e-010	5.84000041e-002
			2.75000000e-010	5.60000040e-002
			3.00000000e-010	5.44000039e-002
			3.25000000e-010	5.36000038e-002
			3.50000000e-010	5.36000038e-002
			3.75000000e-010	5.28000037e-002
			4.00000000e-010	5.28000037e-002
			4.25000000e-010	5.28000037e-002
			4.50000000e-010	5.20000037e-002
			4.75000000e-010	5.20000037e-002
			5.00000000e-010	5.12000036e-002
			5.25000000e-010	5.12000036e-002
			5.50000000e-010	5.20000037e-002
			5.75000000e-010	5.20000037e-002
			6.00000000e-010	5.28000037e-002
			6.25000000e-010	5.28000037e-002
			6.50000000e-010	5.28000037e-002
			6.75000000e-010	5.28000037e-002
			7.00000000e-010	5.28000037e-002
			7.25000000e-010	5.20000037e-002
			7.50000000e-010	5.20000037e-002
			7.75000000e-010	5.12000036e-002
			8.00000000e-010	5.12000036e-002
			8.25000000e-010	5.12000036e-002
			8.50000000e-010	5.20000037e-002
			8.75000000e-010	5.20000037e-002
			9.00000000e-010	5.28000037e-002
			9.25000000e-010	5.36000038e-002
			9.50000000e-010	5.44000039e-002
			9.75000000e-010	5.52000039e-002
			1.00000000e-009	5.52000039e-002
			1.02500000e-009	5.60000040e-002
			1.05000000e-009	5.60000040e-002
			1.07500000e-009	5.60000040e-002
			1.10000000e-009	5.52000039e-002
			1.12500000e-009	5.52000039e-002
			1.15000000e-009	5.44000039e-002
			1.17500000e-009	5.28000037e-002
			1.20000000e-009	5.20000037e-002
			1.22500000e-009	5.20000037e-002
			1.25000000e-009	5.12000036e-002
			1.27500000e-009	5.12000036e-002
			1.30000000e-009	5.20000037e-002
			1.32500000e-009	5.28000037e-002
			1.35000000e-009	5.36000038e-002
			1.37500000e-009	5.44000039e-002
			1.40000000e-009	5.52000039e-002
			1.42500000e-009	5.60000040e-002
			1.45000000e-009	5.68000040e-002
			1.47500000e-009	5.68000040e-002
			1.50000000e-009	5.68000040e-002
			1.52500000e-009	5.60000040e-002
			1.55000000e-009	5.52000039e-002
			1.57500000e-009	5.44000039e-002
			1.60000000e-009	5.44000039e-002
			1.62500000e-009	5.36000038e-002
			1.65000000e-009	5.36000038e-002
			1.67500000e-009	5.44000039e-002
			1.70000000e-009	5.44000039e-002
			1.72500000e-009	5.52000039e-002
			1.75000000e-009	5.60000040e-002
			1.77500000e-009	5.60000040e-002
			1.80000000e-009	5.60000040e-002
			1.82500000e-009	5.60000040e-002
			1.85000000e-009	5.60000040e-002
			1.87500000e-009	5.52000039e-002
			1.90000000e-009	5.44000039e-002
			1.92500000e-009	5.36000038e-002
			1.95000000e-009	5.36000038e-002
			1.97500000e-009	5.28000037e-002
			2.00000000e-009	5.36000038e-002
			2.02500000e-009	5.36000038e-002
			2.05000000e-009	5.44000039e-002
			2.07500000e-009	5.44000039e-002
			2.10000000e-009	5.44000039e-002
			2.12500000e-009	5.44000039e-002
			2.15000000e-009	5.44000039e-002
			2.17500000e-009	5.44000039e-002
			2.20000000e-009	5.36000038e-002
			2.22500000e-009	5.36000038e-002
			2.25000000e-009	5.28000037e-002
			2.27500000e-009	5.28000037e-002
			2.30000000e-009	5.36000038e-002
			2.32500000e-009	5.44000039e-002
			2.35000000e-009	5.44000039e-002
			2.37500000e-009	5.52000039e-002
			2.40000000e-009	5.52000039e-002
			2.42500000e-009	5.60000040e-002
			2.45000000e-009	5.60000040e-002
			2.47500000e-009	5.60000040e-002
			2.50000000e-009	5.52000039e-002
			2.52500000e-009	5.52000039e-002
			2.55000000e-009	5.52000039e-002
			2.57500000e-009	5.52000039e-002
			2.60000000e-009	5.52000039e-002
			2.62500000e-009	5.52000039e-002
			2.65000000e-009	5.60000040e-002
			2.67500000e-009	5.60000040e-002
			2.70000000e-009	5.68000040e-002
			2.72500000e-009	5.68000040e-002
			2.75000000e-009	5.68000040e-002
			2.77500000e-009	5.68000040e-002
			2.80000000e-009	5.68000040e-002
			2.82500000e-009	5.68000040e-002
			2.85000000e-009	5.68000040e-002
			2.87500000e-009	5.68000040e-002
			2.90000000e-009	5.68000040e-002
			2.92500000e-009	5.68000040e-002
			2.95000000e-009	5.68000040e-002
			2.97500000e-009	5.68000040e-002
			3.00000000e-009	5.68000040e-002
			3.02500000e-009	5.68000040e-002
			3.05000000e-009	5.68000040e-002
			3.07500000e-009	5.60000040e-002
			3.10000000e-009	5.60000040e-002
			3.12500000e-009	5.60000040e-002
			3.15000000e-009	5.60000040e-002
			3.17500000e-009	5.60000040e-002
			3.20000000e-009	5.60000040e-002
			3.22500000e-009	5.60000040e-002
			3.25000000e-009	5.52000039e-002
			3.27500000e-009	5.52000039e-002
			3.30000000e-009	5.52000039e-002
			3.32500000e-009	5.52000039e-002
			3.35000000e-009	5.52000039e-002
			3.37500000e-009	5.52000039e-002
			3.40000000e-009	5.52000039e-002
			3.42500000e-009	5.60000040e-002
			3.45000000e-009	5.60000040e-002
			3.47500000e-009	5.60000040e-002
			3.50000000e-009	5.52000039e-002
			3.52500000e-009	5.52000039e-002
			3.55000000e-009	5.52000039e-002
			3.57500000e-009	5.52000039e-002
			3.60000000e-009	5.52000039e-002
			3.62500000e-009	5.52000039e-002
			3.65000000e-009	5.60000040e-002
			3.67500000e-009	5.68000040e-002
			3.70000000e-009	5.68000040e-002
			3.72500000e-009	5.68000040e-002
			3.75000000e-009	5.60000040e-002
			3.77500000e-009	5.52000039e-002
			3.80000000e-009	5.36000038e-002
			3.82500000e-009	5.28000037e-002
			3.85000000e-009	5.20000037e-002
			3.87500000e-009	5.20000037e-002
			3.90000000e-009	5.28000037e-002
			3.92500000e-009	5.36000038e-002
			3.95000000e-009	5.52000039e-002
			3.97500000e-009	5.60000040e-002
			4.00000000e-009	5.68000040e-002
			4.02500000e-009	5.76000041e-002
			4.05000000e-009	5.68000040e-002
			4.07500000e-009	5.60000040e-002
			4.10000000e-009	5.52000039e-002
			4.12500000e-009	5.44000039e-002
			4.15000000e-009	5.36000038e-002
			4.17500000e-009	5.36000038e-002
			4.20000000e-009	5.44000039e-002
			4.22500000e-009	5.44000039e-002
			4.25000000e-009	5.52000039e-002
			4.27500000e-009	5.60000040e-002
			4.30000000e-009	5.60000040e-002
			4.32500000e-009	5.60000040e-002
			4.35000000e-009	5.52000039e-002
			4.37500000e-009	5.44000039e-002
			4.40000000e-009	5.44000039e-002
			4.42500000e-009	5.44000039e-002
			4.45000000e-009	5.44000039e-002
			4.47500000e-009	5.60000040e-002
			4.50000000e-009	5.68000040e-002
			4.52500000e-009	5.84000041e-002
			4.55000000e-009	5.92000042e-002
			4.57500000e-009	5.92000042e-002
			4.60000000e-009	5.92000042e-002
			4.62500000e-009	5.84000041e-002
			4.65000000e-009	5.76000041e-002
			4.67500000e-009	5.60000040e-002
			4.70000000e-009	5.52000039e-002
			4.72500000e-009	5.52000039e-002
			4.75000000e-009	5.52000039e-002
			4.77500000e-009	5.60000040e-002
			4.80000000e-009	5.68000040e-002
			4.82500000e-009	5.76000041e-002
			4.85000000e-009	5.76000041e-002
			4.87500000e-009	5.76000041e-002
			4.90000000e-009	5.68000040e-002
			4.92500000e-009	5.60000040e-002
			4.95000000e-009	5.52000039e-002
			4.97500000e-009	5.52000039e-002
			5.00000000e-009	5.44000039e-002
			5.02500000e-009	5.44000039e-002
			5.05000000e-009	5.44000039e-002
			5.07500000e-009	5.44000039e-002
			5.10000000e-009	5.44000039e-002
			5.12500000e-009	5.36000038e-002
			5.15000000e-009	5.36000038e-002
			5.17500000e-009	5.28000037e-002
			5.20000000e-009	5.28000037e-002
			5.22500000e-009	5.20000037e-002
			5.25000000e-009	5.28000037e-002
			5.27500000e-009	5.36000038e-002
			5.30000000e-009	5.44000039e-002
			5.32500000e-009	5.52000039e-002
			5.35000000e-009	5.60000040e-002
			5.37500000e-009	5.68000040e-002
			5.40000000e-009	5.68000040e-002
			5.42500000e-009	5.68000040e-002
			5.45000000e-009	5.68000040e-002
			5.47500000e-009	5.60000040e-002
			5.50000000e-009	5.60000040e-002
			5.52500000e-009	5.52000039e-002
			5.55000000e-009	5.52000039e-002
			5.57500000e-009	5.52000039e-002
			5.60000000e-009	5.52000039e-002
			5.62500000e-009	5.52000039e-002
			5.65000000e-009	5.52000039e-002
			5.67500000e-009	5.52000039e-002
			5.70000000e-009	5.52000039e-002
			5.72500000e-009	5.52000039e-002
			5.75000000e-009	5.44000039e-002
			5.77500000e-009	5.44000039e-002
			5.80000000e-009	5.36000038e-002
			5.82500000e-009	5.36000038e-002
			5.85000000e-009	5.36000038e-002
			5.87500000e-009	5.36000038e-002
			5.90000000e-009	5.36000038e-002
			5.92500000e-009	5.44000039e-002
			5.95000000e-009	5.44000039e-002
			5.97500000e-009	5.52000039e-002
			6.00000000e-009	5.52000039e-002
			6.02500000e-009	5.60000040e-002
			6.05000000e-009	5.60000040e-002
			6.07500000e-009	5.68000040e-002
			6.10000000e-009	5.68000040e-002
			6.12500000e-009	5.60000040e-002
			6.15000000e-009	5.60000040e-002
			6.17500000e-009	5.52000039e-002
			6.20000000e-009	5.52000039e-002
			6.22500000e-009	5.44000039e-002
			6.25000000e-009	5.36000038e-002
			6.27500000e-009	5.36000038e-002
			6.30000000e-009	5.36000038e-002
			6.32500000e-009	5.36000038e-002
			6.35000000e-009	5.36000038e-002
			6.37500000e-009	5.44000039e-002
			6.40000000e-009	5.44000039e-002
			6.42500000e-009	5.52000039e-002
			6.45000000e-009	5.52000039e-002
			6.47500000e-009	5.52000039e-002
			6.50000000e-009	5.52000039e-002
			6.52500000e-009	5.52000039e-002
			6.55000000e-009	5.44000039e-002
			6.57500000e-009	5.44000039e-002
			6.60000000e-009	5.36000038e-002
			6.62500000e-009	5.36000038e-002
			6.65000000e-009	5.36000038e-002
			6.67500000e-009	5.44000039e-002
			6.70000000e-009	5.44000039e-002
			6.72500000e-009	5.44000039e-002
			6.75000000e-009	5.44000039e-002
			6.77500000e-009	5.44000039e-002
			6.80000000e-009	5.44000039e-002
			6.82500000e-009	5.44000039e-002
			6.85000000e-009	5.36000038e-002
			6.87500000e-009	5.36000038e-002
			6.90000000e-009	5.36000038e-002
			6.92500000e-009	5.36000038e-002
			6.95000000e-009	5.36000038e-002
			6.97500000e-009	5.44000039e-002
			7.00000000e-009	5.44000039e-002
			7.02500000e-009	5.52000039e-002
			7.05000000e-009	5.52000039e-002
			7.07500000e-009	5.52000039e-002
			7.10000000e-009	5.52000039e-002
			7.12500000e-009	5.44000039e-002
			7.15000000e-009	5.36000038e-002
			7.17500000e-009	5.36000038e-002
			7.20000000e-009	5.28000037e-002
			7.22500000e-009	5.28000037e-002
			7.25000000e-009	5.28000037e-002
			7.27500000e-009	5.28000037e-002
			7.30000000e-009	5.36000038e-002
			7.32500000e-009	5.44000039e-002
			7.35000000e-009	5.44000039e-002
			7.37500000e-009	5.44000039e-002
			7.40000000e-009	5.52000039e-002
			7.42500000e-009	5.52000039e-002
			7.45000000e-009	5.52000039e-002
			7.47500000e-009	5.52000039e-002
			7.50000000e-009	5.52000039e-002
			7.52500000e-009	5.52000039e-002
			7.55000000e-009	5.52000039e-002
			7.57500000e-009	5.52000039e-002
			7.60000000e-009	5.52000039e-002
			7.62500000e-009	5.44000039e-002
			7.65000000e-009	5.44000039e-002
			7.67500000e-009	5.36000038e-002
			7.70000000e-009	5.36000038e-002
			7.72500000e-009	5.28000037e-002
			7.75000000e-009	5.28000037e-002
			7.77500000e-009	5.28000037e-002
			7.80000000e-009	5.36000038e-002
			7.82500000e-009	5.44000039e-002
			7.85000000e-009	5.52000039e-002
			7.87500000e-009	5.60000040e-002
			7.90000000e-009	5.68000040e-002
			7.92500000e-009	5.68000040e-002
			7.95000000e-009	5.68000040e-002
			7.97500000e-009	5.52000039e-002
			8.00000000e-009	5.28000037e-002
			8.02500000e-009	4.96000035e-002
			8.05000000e-009	4.56000032e-002
			8.07500000e-009	4.00000028e-002
			8.10000000e-009	3.44000024e-002
			8.12500000e-009	2.96000021e-002
			8.15000000e-009	2.40000017e-002
			8.17500000e-009	2.00000014e-002
			8.20000000e-009	1.60000011e-002
			8.22500000e-009	1.36000010e-002
			8.25000000e-009	1.12000008e-002
			8.27500000e-009	1.04000007e-002
			8.30000000e-009	9.60000068e-003
			8.32500000e-009	8.80000062e-003
			8.35000000e-009	8.00000057e-003
			8.37500000e-009	8.00000057e-003
			8.40000000e-009	7.20000051e-003
			8.42500000e-009	7.20000051e-003
			8.45000000e-009	6.40000045e-003
			8.47500000e-009	6.40000045e-003
			8.50000000e-009	6.40000045e-003
			8.52500000e-009	7.20000051e-003
			8.55000000e-009	7.20000051e-003
			8.57500000e-009	7.20000051e-003
			8.60000000e-009	7.20000051e-003
			8.62500000e-009	6.40000045e-003
			8.65000000e-009	5.60000040e-003
			8.67500000e-009	5.60000040e-003
			8.70000000e-009	4.80000034e-003
			8.72500000e-009	4.00000028e-003
			8.75000000e-009	3.20000023e-003
			8.77500000e-009	3.20000023e-003
			8.80000000e-009	3.20000023e-003
			8.82500000e-009	3.20000023e-003
			8.85000000e-009	3.20000023e-003
			8.87500000e-009	2.40000017e-003
			8.90000000e-009	2.40000017e-003
			8.92500000e-009	2.40000017e-003
			8.95000000e-009	2.40000017e-003
			8.97500000e-009	2.40000017e-003
			9.00000000e-009	1.60000011e-003
			9.02500000e-009	1.60000011e-003
			9.05000000e-009	1.60000011e-003
			9.07500000e-009	8.00000057e-004
			9.10000000e-009	8.00000057e-004
			9.12500000e-009	8.00000057e-004
			9.15000000e-009	8.00000057e-004
			9.17500000e-009	8.00000057e-004
			9.20000000e-009	8.00000057e-004
			9.22500000e-009	8.00000057e-004
			9.25000000e-009	8.00000057e-004
			9.27500000e-009	8.00000057e-004
			9.30000000e-009	8.00000057e-004
			9.32500000e-009	0.00000000e+000
			9.35000000e-009	0.00000000e+000
			9.37500000e-009	0.00000000e+000
			9.40000000e-009	-8.00000057e-004
			9.42500000e-009	-8.00000057e-004
			9.45000000e-009	-8.00000057e-004
			9.47500000e-009	-8.00000057e-004
			9.50000000e-009	-8.00000057e-004
			9.52500000e-009	0.00000000e+000
			9.55000000e-009	0.00000000e+000
			9.57500000e-009	0.00000000e+000
			9.60000000e-009	8.00000057e-004
			9.62500000e-009	0.00000000e+000
			9.65000000e-009	0.00000000e+000
			9.67500000e-009	-8.00000057e-004
			9.70000000e-009	-8.00000057e-004
			9.72500000e-009	-1.60000011e-003
			9.75000000e-009	-1.60000011e-003
			9.77500000e-009	-1.60000011e-003
			9.80000000e-009	-1.60000011e-003
			9.82500000e-009	-1.60000011e-003
			9.85000000e-009	-1.60000011e-003
			9.87500000e-009	-1.60000011e-003
			9.90000000e-009	-8.00000057e-004
			9.92500000e-009	-1.60000011e-003
			9.95000000e-009	-1.60000011e-003
			9.97500000e-009	-1.60000011e-003
			1.00000000e-008	-2.40000017e-003
			1.00250000e-008	-2.40000017e-003
			1.00500000e-008	-2.40000017e-003
			1.00750000e-008	-2.40000017e-003
			1.01000000e-008	-2.40000017e-003
			1.01250000e-008	-2.40000017e-003
			1.01500000e-008	-2.40000017e-003
			1.01750000e-008	-2.40000017e-003
			1.02000000e-008	-2.40000017e-003
			1.02250000e-008	-2.40000017e-003
			1.02500000e-008	-2.40000017e-003
			1.02750000e-008	-2.40000017e-003
			1.03000000e-008	-1.60000011e-003
			1.03250000e-008	-1.60000011e-003
			1.03500000e-008	-1.60000011e-003
			1.03750000e-008	-1.60000011e-003
			1.04000000e-008	-8.00000057e-004
			1.04250000e-008	-8.00000057e-004
			1.04500000e-008	0.00000000e+000
			1.04750000e-008	0.00000000e+000
			1.05000000e-008	0.00000000e+000
			1.05250000e-008	-8.00000057e-004
			1.05500000e-008	-8.00000057e-004
			1.05750000e-008	-1.60000011e-003
			1.06000000e-008	-2.40000017e-003
			1.06250000e-008	-3.20000023e-003
			1.06500000e-008	-3.20000023e-003
			1.06750000e-008	-4.00000028e-003
			1.07000000e-008	-4.00000028e-003
			1.07250000e-008	-3.20000023e-003
			1.07500000e-008	-3.20000023e-003
			1.07750000e-008	-2.40000017e-003
			1.08000000e-008	-1.60000011e-003
			1.08250000e-008	-8.00000057e-004
			1.08500000e-008	-8.00000057e-004
			1.08750000e-008	-8.00000057e-004
			1.09000000e-008	-8.00000057e-004
			1.09250000e-008	-8.00000057e-004
			1.09500000e-008	-8.00000057e-004
			1.09750000e-008	-1.60000011e-003
			1.10000000e-008	-1.60000011e-003
			1.10250000e-008	-1.60000011e-003
			1.10500000e-008	-1.60000011e-003
			1.10750000e-008	-1.60000011e-003
			1.11000000e-008	-8.00000057e-004
			1.11250000e-008	-8.00000057e-004
			1.11500000e-008	-1.60000011e-003
			1.11750000e-008	-1.60000011e-003
			1.12000000e-008	-2.40000017e-003
			1.12250000e-008	-2.40000017e-003
			1.12500000e-008	-2.40000017e-003
			1.12750000e-008	-3.20000023e-003
			1.13000000e-008	-3.20000023e-003
			1.13250000e-008	-2.40000017e-003
			1.13500000e-008	-2.40000017e-003
			1.13750000e-008	-1.60000011e-003
			1.14000000e-008	-1.60000011e-003
			1.14250000e-008	-1.60000011e-003
			1.14500000e-008	-1.60000011e-003
			1.14750000e-008	-1.60000011e-003
			1.15000000e-008	-2.40000017e-003
			1.15250000e-008	-3.20000023e-003
			1.15500000e-008	-4.00000028e-003
			1.15750000e-008	-4.00000028e-003
			1.16000000e-008	-4.00000028e-003
			1.16250000e-008	-4.00000028e-003
			1.16500000e-008	-3.20000023e-003
			1.16750000e-008	-3.20000023e-003
			1.17000000e-008	-2.40000017e-003
			1.17250000e-008	-2.40000017e-003
			1.17500000e-008	-1.60000011e-003
			1.17750000e-008	-1.60000011e-003
			1.18000000e-008	-1.60000011e-003
			1.18250000e-008	-1.60000011e-003
			1.18500000e-008	-1.60000011e-003
			1.18750000e-008	-1.60000011e-003
			1.19000000e-008	-1.60000011e-003
			1.19250000e-008	-1.60000011e-003
			1.19500000e-008	-1.60000011e-003
			1.19750000e-008	-2.40000017e-003
			1.20000000e-008	-2.40000017e-003
			1.20250000e-008	-3.20000023e-003
			1.20500000e-008	-4.00000028e-003
			1.20750000e-008	-4.80000034e-003
			1.21000000e-008	-5.60000040e-003
			1.21250000e-008	-4.80000034e-003
			1.21500000e-008	-4.80000034e-003
			1.21750000e-008	-4.00000028e-003
			1.22000000e-008	-3.20000023e-003
			1.22250000e-008	-2.40000017e-003
			1.22500000e-008	-1.60000011e-003
			1.22750000e-008	-1.60000011e-003
			1.23000000e-008	-1.60000011e-003
			1.23250000e-008	-2.40000017e-003
			1.23500000e-008	-2.40000017e-003
			1.23750000e-008	-3.20000023e-003
			1.24000000e-008	-4.00000028e-003
			1.24250000e-008	-4.00000028e-003
			1.24500000e-008	-4.00000028e-003
			1.24750000e-008	-3.20000023e-003
			1.25000000e-008	-3.20000023e-003
			1.25250000e-008	-2.40000017e-003
			1.25500000e-008	-2.40000017e-003
			1.25750000e-008	-2.40000017e-003
			1.26000000e-008	-2.40000017e-003
			1.26250000e-008	-3.20000023e-003
			1.26500000e-008	-3.20000023e-003
			1.26750000e-008	-4.00000028e-003
			1.27000000e-008	-4.80000034e-003
			1.27250000e-008	-4.80000034e-003
			1.27500000e-008	-4.80000034e-003
			1.27750000e-008	-4.80000034e-003
			1.28000000e-008	-4.80000034e-003
			1.28250000e-008	-4.00000028e-003
			1.28500000e-008	-4.00000028e-003
			1.28750000e-008	-3.20000023e-003
			1.29000000e-008	-3.20000023e-003
			1.29250000e-008	-3.20000023e-003
			1.29500000e-008	-3.20000023e-003
			1.29750000e-008	-3.20000023e-003
			1.30000000e-008	-3.20000023e-003
			1.30250000e-008	-3.20000023e-003
			1.30500000e-008	-3.20000023e-003
			1.30750000e-008	-3.20000023e-003
			1.31000000e-008	-3.20000023e-003
			1.31250000e-008	-2.40000017e-003
			1.31500000e-008	-2.40000017e-003
			1.31750000e-008	-2.40000017e-003
			1.32000000e-008	-1.60000011e-003
			1.32250000e-008	-2.40000017e-003
			1.32500000e-008	-2.40000017e-003
			1.32750000e-008	-2.40000017e-003
			1.33000000e-008	-3.20000023e-003
			1.33250000e-008	-3.20000023e-003
			1.33500000e-008	-4.00000028e-003
			1.33750000e-008	-4.00000028e-003
			1.34000000e-008	-4.80000034e-003
			1.34250000e-008	-4.80000034e-003
			1.34500000e-008	-4.80000034e-003
			1.34750000e-008	-4.80000034e-003
			1.35000000e-008	-4.80000034e-003
			1.35250000e-008	-4.00000028e-003
			1.35500000e-008	-4.00000028e-003
			1.35750000e-008	-4.00000028e-003
			1.36000000e-008	-4.00000028e-003
			1.36250000e-008	-4.00000028e-003
			1.36500000e-008	-3.20000023e-003
			1.36750000e-008	-3.20000023e-003
			1.37000000e-008	-2.40000017e-003
			1.37250000e-008	-2.40000017e-003
			1.37500000e-008	-2.40000017e-003
			1.37750000e-008	-2.40000017e-003
			1.38000000e-008	-3.20000023e-003
			1.38250000e-008	-3.20000023e-003
			1.38500000e-008	-4.00000028e-003
			1.38750000e-008	-4.00000028e-003
			1.39000000e-008	-4.00000028e-003
			1.39250000e-008	-4.00000028e-003
			1.39500000e-008	-4.00000028e-003
			1.39750000e-008	-3.20000023e-003
			1.40000000e-008	-3.20000023e-003
			1.40250000e-008	-2.40000017e-003
			1.40500000e-008	-2.40000017e-003
			1.40750000e-008	-2.40000017e-003
			1.41000000e-008	-3.20000023e-003
			1.41250000e-008	-3.20000023e-003
			1.41500000e-008	-4.00000028e-003
			1.41750000e-008	-4.80000034e-003
			1.42000000e-008	-4.80000034e-003
			1.42250000e-008	-5.60000040e-003
			1.42500000e-008	-5.60000040e-003
			1.42750000e-008	-5.60000040e-003
			1.43000000e-008	-5.60000040e-003
			1.43250000e-008	-4.80000034e-003
			1.43500000e-008	-4.80000034e-003
			1.43750000e-008	-4.00000028e-003
			1.44000000e-008	-4.00000028e-003
			1.44250000e-008	-4.00000028e-003
			1.44500000e-008	-3.20000023e-003
			1.44750000e-008	-3.20000023e-003
			1.45000000e-008	-3.20000023e-003
			1.45250000e-008	-2.40000017e-003
			1.45500000e-008	-2.40000017e-003
			1.45750000e-008	-2.40000017e-003
			1.46000000e-008	-2.40000017e-003
			1.46250000e-008	-2.40000017e-003
			1.46500000e-008	-2.40000017e-003
			1.46750000e-008	-2.40000017e-003
			1.47000000e-008	-2.40000017e-003
			1.47250000e-008	-2.40000017e-003
			1.47500000e-008	-2.40000017e-003
			1.47750000e-008	-1.60000011e-003
			1.48000000e-008	-1.60000011e-003
			1.48250000e-008	-2.40000017e-003
			1.48500000e-008	-2.40000017e-003
			1.48750000e-008	-2.40000017e-003
			1.49000000e-008	-3.20000023e-003
			1.49250000e-008	-3.20000023e-003
			1.49500000e-008	-3.20000023e-003
			1.49750000e-008	-3.20000023e-003
			1.50000000e-008	-3.20000023e-003
			1.50250000e-008	-3.20000023e-003
			1.50500000e-008	-3.20000023e-003
			1.50750000e-008	-3.20000023e-003
			1.51000000e-008	-2.40000017e-003
			1.51250000e-008	-3.20000023e-003
			1.51500000e-008	-3.20000023e-003
			1.51750000e-008	-4.00000028e-003
			1.52000000e-008	-4.00000028e-003
			1.52250000e-008	-4.80000034e-003
			1.52500000e-008	-4.80000034e-003
			1.52750000e-008	-4.80000034e-003
			1.53000000e-008	-4.80000034e-003
			1.53250000e-008	-4.00000028e-003
			1.53500000e-008	-4.00000028e-003
			1.53750000e-008	-3.20000023e-003
			1.54000000e-008	-3.20000023e-003
			1.54250000e-008	-3.20000023e-003
			1.54500000e-008	-3.20000023e-003
			1.54750000e-008	-3.20000023e-003
			1.55000000e-008	-3.20000023e-003
			1.55250000e-008	-4.00000028e-003
			1.55500000e-008	-4.00000028e-003
			1.55750000e-008	-4.80000034e-003
			1.56000000e-008	-4.80000034e-003
			1.56250000e-008	-4.80000034e-003
			1.56500000e-008	-4.80000034e-003
			1.56750000e-008	-4.00000028e-003
			1.57000000e-008	-3.20000023e-003
			1.57250000e-008	-2.40000017e-003
			1.57500000e-008	-1.60000011e-003
			1.57750000e-008	-1.60000011e-003
			1.58000000e-008	-1.60000011e-003
			1.58250000e-008	-2.40000017e-003
			1.58500000e-008	-2.40000017e-003
			1.58750000e-008	-3.20000023e-003
			1.59000000e-008	-4.00000028e-003
			1.59250000e-008	-4.80000034e-003
			1.59500000e-008	-5.60000040e-003
			1.59750000e-008	-6.40000045e-003
			1.60000000e-008	-6.40000045e-003
			1.60250000e-008	-6.40000045e-003
			1.60500000e-008	-5.60000040e-003
			1.60750000e-008	-5.60000040e-003
			1.61000000e-008	-4.80000034e-003
			1.61250000e-008	-4.80000034e-003
			1.61500000e-008	-4.00000028e-003
			1.61750000e-008	-4.00000028e-003
			1.62000000e-008	-4.00000028e-003
			1.62250000e-008	-4.00000028e-003
			1.62500000e-008	-4.00000028e-003
			1.62750000e-008	-4.00000028e-003
			1.63000000e-008	-4.00000028e-003
			1.63250000e-008	-4.00000028e-003
			1.63500000e-008	-4.80000034e-003
			1.63750000e-008	-4.80000034e-003
			1.64000000e-008	-4.80000034e-003
			1.64250000e-008	-4.80000034e-003
			1.64500000e-008	-4.80000034e-003
			1.64750000e-008	-4.80000034e-003
			1.65000000e-008	-4.00000028e-003
			1.65250000e-008	-3.20000023e-003
			1.65500000e-008	-3.20000023e-003
			1.65750000e-008	-2.40000017e-003
			1.66000000e-008	-2.40000017e-003
			1.66250000e-008	-2.40000017e-003
			1.66500000e-008	-2.40000017e-003
			1.66750000e-008	-3.20000023e-003
			1.67000000e-008	-3.20000023e-003
			1.67250000e-008	-4.00000028e-003
			1.67500000e-008	-4.80000034e-003
			1.67750000e-008	-4.80000034e-003
			1.68000000e-008	-5.60000040e-003
			1.68250000e-008	-5.60000040e-003
			1.68500000e-008	-5.60000040e-003
			1.68750000e-008	-4.80000034e-003
			1.69000000e-008	-4.80000034e-003
			1.69250000e-008	-4.00000028e-003
			1.69500000e-008	-3.20000023e-003
			1.69750000e-008	-3.20000023e-003
			1.70000000e-008	-3.20000023e-003
			1.70250000e-008	-3.20000023e-003
			1.70500000e-008	-4.00000028e-003
			1.70750000e-008	-4.00000028e-003
			1.71000000e-008	-4.80000034e-003
			1.71250000e-008	-4.80000034e-003
			1.71500000e-008	-5.60000040e-003
			1.71750000e-008	-5.60000040e-003
			1.72000000e-008	-5.60000040e-003
